%imagepmf.m
PXY=[0.2  0.05 0.1; ...
     0.05 0.2  0.1; ...
     0    0.1  0.2];
[SX,SY]=ndgrid([800 1200 1600],...
    [400 800 1200]);