function M = markkovdisk(n)
P= [0.95 0.04 0.01; ...
        0.05 0.90 0.05; ...
        0.05 0.05 0.90];
M=P^n;